0.001217
0.001234
0.001154
0.001124
0.001148
0.001168
0.001143
0.001137
0.001131
0.001157
0.001144
0.001153
0.001135
0.001170
0.001126
0.001179
0.001131
0.001170
0.001124
0.001148
0.001131
0.001155
0.001116
0.001141
0.001142
0.001163
0.001141
0.001147
0.001142
0.001152
0.001118
0.001193
0.001145
0.001169
0.001146
0.001124
0.001127
0.001175
0.001125
0.001143
0.001128
0.001129
0.001177
0.001149
0.001146
0.001132
0.001172
0.001149
0.001141
0.001136
0.001161
0.001149
0.001149
0.001133
0.001165
0.001145
0.001144
0.001148
0.001155
0.001150
0.001136
0.001147
0.001147
0.001139
0.001141
0.001124
0.001121
0.001175
0.001128
0.001151
0.001161
0.001168
0.001140
0.001135
0.001140
0.001177
0.001138
0.001148
0.001132
0.001175
0.001122
0.001134
0.001119
0.001166
0.001144
0.001149
0.001121
0.001170
0.001143
0.001128
0.001141
0.001169
0.001140
0.001151
0.001139
0.001175
0.001135
0.001157
0.001154
0.001152
