0.001221
0.001268
0.001261
0.001236
0.001179
0.001164
0.001211
0.001179
0.001227
0.001230
0.001219
0.001259
0.001194
0.001186
0.001182
0.001215
0.001229
0.001193
0.001234
0.001226
0.001197
0.001228
0.001194
0.001214
0.001198
0.001251
0.001203
0.001276
0.001208
0.001206
0.001216
0.001241
0.001213
0.001200
0.001219
0.001274
0.001238
0.001255
0.001266
0.001288
0.001247
0.001217
0.001226
0.001250
0.001254
0.001217
0.001223
0.001238
0.001253
0.001215
0.001224
0.001276
0.001255
0.001254
0.001226
0.001250
0.001268
0.001273
0.001230
0.001245
0.001231
0.001271
0.001233
0.001267
0.001249
0.001324
0.001288
0.001294
0.001299
0.001240
0.001261
0.001343
0.001252
0.001294
0.001247
0.001322
0.001285
0.001298
0.001252
0.001247
0.001282
0.001284
0.001259
0.001255
0.001241
0.001342
0.001252
0.001268
0.001248
0.001295
0.001283
0.001269
0.001253
0.001319
0.001286
0.001270
0.001264
0.001269
0.001289
0.001351
0.001261
0.001309
0.001260
0.001313
0.001258
0.001280
0.001283
0.001369
0.001299
0.001288
0.001275
0.001282
0.001320
0.001274
0.001279
0.001298
0.001276
0.001319
0.001310
0.001311
0.001281
0.001349
0.001321
0.001286
0.001287
0.001308
0.001294
0.001339
0.001295
0.001300
0.001286
0.001345
0.001323
0.001325
0.001302
0.001295
0.001338
0.001328
0.001326
0.001351
0.001303
0.001377
0.001304
0.001295
0.001305
0.001333
0.001337
0.001352
0.001307
0.001348
0.001382
0.001402
0.001308
0.001315
0.001320
0.001310
0.001344
0.001364
0.001335
0.001365
0.001346
0.001372
0.001364
0.001372
0.001328
0.001376
0.001346
0.001368
0.001323
0.001386
0.001333
0.001368
0.001365
0.001393
0.001322
0.001382
0.001339
0.001415
0.001386
0.001388
0.001338
0.001377
0.001388
0.001416
0.001356
0.001392
0.001340
0.001390
0.001378
0.001353
0.001347
0.001350
0.001389
0.001393
0.001361
0.001359
0.001350
0.001395
0.001391
0.001343
0.001353
0.001361
0.001360
0.001386
0.001409
0.001370
0.001363
0.001365
0.001432
0.001411
0.001403
0.001414
0.001368
0.001448
0.001412
0.001417
0.001384
0.001361
0.001373
0.001462
0.001415
0.001370
0.001387
0.001411
0.001414
0.001463
0.001419
0.001429
0.001386
0.001431
0.001429
0.001469
0.001384
0.001435
0.001374
0.001426
0.001626
0.001399
0.001458
0.001478
0.001411
0.001444
0.001387
0.001427
0.001406
0.001423
0.001397
0.001391
0.001386
0.001434
0.001416
0.001462
0.001401
0.001493
0.001428
0.001451
0.001452
0.001476
0.001507
0.001516
0.001433
0.001412
0.001409
0.001451
0.001436
0.001408
0.001418
0.001417
0.001420
0.001469
0.001471
0.001407
0.001434
0.001411
0.001443
0.001500
0.001477
0.001414
0.001478
0.001440
0.001592
0.001458
0.001490
0.001425
0.001464
0.001496
0.001465
0.001584
0.001546
0.001423
0.001511
0.001433
0.001474
0.001474
0.001491
0.001468
0.001462
0.001484
0.001516
0.001447
0.001472
0.001522
0.001430
0.001490
0.001458
0.001448
0.001466
0.001468
0.001430
0.001496
0.001457
0.001443
0.001481
0.001523
0.001494
0.001498
0.001448
0.001470
0.001487
0.001542
0.001448
0.001473
0.001462
0.001469
0.001502
0.001559
0.001516
0.001503
0.001481
0.001519
0.001473
0.001533
0.001523
0.001551
0.001489
0.001504
0.001486
0.001505
0.001491
0.001548
0.001472
0.001473
0.001472
0.001480
0.001505
0.001506
0.001472
0.001478
0.001476
0.001499
0.001513
0.001541
0.001470
0.001486
0.001476
0.001477
0.001524
0.001565
0.001528
0.001533
0.001501
0.001526
0.001489
0.001577
0.001523
0.001542
0.001505
0.001525
0.001507
0.001544
0.001529
0.001526
0.001504
0.001499
0.001495
0.001576
0.001505
0.001553
0.001516
0.001531
0.001518
0.001549
0.001538
0.001565
0.001537
0.001529
0.001487
0.001547
0.001510
0.001572
0.001526
0.001532
0.001484
0.001509
0.001513
0.001559
0.001549
0.001557
0.001519
0.001570
0.001507
0.001566
0.001540
0.001575
0.001573
0.001571
0.001522
0.001558
0.001571
0.001567
0.001560
0.001588
0.001548
0.001580
0.001587
0.001586
0.001566
0.001561
0.001553
0.001566
0.001535
0.001557
0.001579
0.001565
0.001580
0.001542
0.001551
0.001528
0.001552
0.001568
0.001578
0.001598
0.001591
0.001595
0.001547
0.001592
0.001548
0.001630
0.001581
0.001595
0.001567
0.001590
0.001539
0.001621
0.001615
0.001581
0.001570
0.001578
0.001567
0.001556
0.001615
0.001631
0.001603
0.001596
0.001567
0.001606
0.001579
0.001632
0.001607
0.001624
0.001616
0.001555
0.001580
0.001592
0.001577
0.001597
0.001609
0.001617
0.001625
0.001601
0.001596
0.001572
0.001563
0.001635
0.001611
0.001652
0.001585
0.001565
0.001580
0.001562
0.001615
0.001623
0.001615
0.001577
0.001583
0.001580
0.001589
0.001621
0.001633
0.001628
0.001588
0.001585
0.001609
0.001573
0.001638
0.001633
0.001623
0.001600
0.001600
0.001625
0.001604
0.001651
0.001626
0.001694
0.001631
0.001642
0.001617
0.001646
0.001595
0.001678
0.001649
0.001680
0.001625
0.001644
0.001608
0.001634
0.001638
0.001630
0.001649
0.001626
0.001619
0.001656
0.001617
0.001614
0.001647
0.001645
0.001672
0.001659
0.001620
0.001611
0.001622
0.001621
0.001658
0.001665
0.001682
0.001682
0.001630
0.001610
0.001614
0.001648
0.001667
0.001646
0.001664
0.001662
0.001636
0.001613
0.001633
0.001681
0.001646
0.001658
0.001674
0.001684
0.001659
0.001700
0.001639
0.001653
0.001641
0.001670
0.001675
0.001731
0.001688
0.001649
0.001648
0.001658
0.001644
0.001649
0.001676
0.001710
0.001694
0.001669
0.001656
0.001648
0.001691
0.001645
0.001651
0.001741
0.001713
0.001693
0.001672
0.001660
0.001698
0.001685
0.001656
0.001686
0.001698
0.001736
0.001704
0.001744
0.001694
0.001670
0.001659
0.001668
0.001654
0.001698
0.001675
0.001717
0.001692
0.001694
0.001697
0.001707
0.001684
0.001676
0.001663
0.001666
0.001701
0.001738
0.001714
0.001751
0.001713
0.001676
0.001697
0.001720
0.001672
0.001696
0.001678
0.001728
0.001764
0.001752
0.001679
0.001746
0.001682
0.001738
0.001701
0.001708
0.001732
0.001786
0.001723
0.001784
0.001704
0.001752
0.001697
0.001736
0.001689
0.001740
0.001694
0.001771
0.001745
0.001773
0.001807
0.001778
0.001686
0.001752
0.001696
0.001744
0.001698
0.001745
0.001734
0.001738
0.001732
0.001725
0.001718
0.001706
0.001704
0.001706
0.001701
0.001752
0.001753
0.001748
0.001759
0.001749
0.001724
0.001743
0.001710
0.001738
0.001729
0.001762
0.001760
0.002062
0.001743
0.001778
0.001743
0.001766
0.001718
0.001717
0.001733
0.001709
0.001741
0.001750
0.001774
0.001754
0.001766
0.001793
0.001722
0.001761
0.001724
0.001815
0.001719
0.001798
0.001755
0.001809
0.001778
0.001802
0.001746
0.001735
0.001729
0.001726
0.001727
0.001734
0.001764
0.001776
0.001767
0.001819
0.001786
0.001755
0.001740
0.001800
0.001765
0.001769
0.001764
0.001775
0.001761
0.001800
0.001802
0.001780
0.001799
0.001791
0.001767
0.001744
0.001751
0.001752
0.001737
0.001785
0.001778
0.001819
0.001808
0.001811
0.001786
0.001792
0.001754
0.001754
0.001772
0.001731
0.001782
0.001811
0.001814
0.001829
0.001833
0.001846
0.001852
0.001824
0.001779
0.001800
0.001756
0.001797
0.001751
0.001763
0.001753
0.001782
0.001793
0.001813
0.001794
0.001823
0.001788
0.001810
0.001760
0.001764
0.001763
0.001767
0.001792
0.001800
0.001811
0.001840
0.001805
0.001864
0.001779
0.001767
0.001788
0.001793
0.001795
0.001778
0.001781
0.001780
0.001836
0.001829
0.001805
0.001872
0.001826
0.001825
0.001806
0.001833
0.001808
0.001877
0.001778
0.001839
0.001816
0.001868
0.001813
0.001836
0.001840
0.001880
0.001822
0.001826
0.001799
0.001803
0.001801
0.001817
0.001817
0.001843
0.001814
0.001867
0.001834
0.001872
0.001833
0.001825
0.001839
0.001787
0.001807
0.001839
0.001824
0.001827
0.001805
0.001835
0.001840
0.001832
0.001838
0.001882
0.001868
0.001891
0.001808
0.001801
0.001814
0.001838
0.001832
0.001800
0.001812
0.001825
0.001812
0.001843
0.001845
0.001897
0.001849
0.001900
0.001872
0.001900
0.001868
0.001863
0.001835
0.001860
0.001821
0.001865
0.001817
0.001831
0.001850
0.001913
0.001861
0.001868
0.001869
0.001863
0.001884
0.001889
0.001826
0.001864
0.001826
0.001859
0.001859
0.001836
0.001830
0.001885
0.001839
0.001907
0.001873
0.001964
0.001930
0.001924
0.001893
0.001946
0.001891
0.001919
0.001850
0.001895
0.001834
0.001873
0.001847
0.001900
0.001853
0.001843
0.001865
0.001914
0.001890
0.001926
0.001888
0.001928
0.001901
0.001929
0.001833
0.001894
0.001859
0.001840
0.001864
0.001840
0.001852
0.001902
0.001840
0.001884
0.001883
0.001928
0.001881
0.001888
0.001916
0.001895
0.001910
0.001920
0.001894
0.001854
0.001851
0.001848
0.001874
0.001865
0.001874
0.001899
0.001902
0.001911
0.001899
0.001909
0.001924
0.001929
0.001906
0.001924
0.001927
0.001932
0.001904
0.001950
0.001924
0.001957
0.001914
0.001971
0.001928
0.001916
0.001889
0.001885
0.001882
0.001915
0.001893
0.001936
0.001911
0.001889
0.001880
0.001932
0.001887
0.001971
0.001938
0.001961
0.001927
0.001993
0.001962
0.001969
0.001957
0.001971
0.001913
0.001956
0.001915
0.001908
0.001907
0.001951
0.001935
0.001934
0.001908
0.001902
0.001957
0.001956
0.001956
0.001988
0.001945
0.001951
0.001984
0.001960
0.001969
0.001970
0.001959
0.001970
0.001950
0.001929
0.001932
0.001966
0.001936
0.001974
0.001966
0.002005
0.001972
0.001993
0.001939
0.001969
0.001928
0.002015
0.001970
0.002020
0.001990
0.002005
0.001983
0.001984
0.001996
0.001968
0.001979
0.001967
0.001983
0.001931
0.001930
0.001944
0.001959
0.001928
