1459800409.511475
1459800409.524157
1459800409.528931
1459800409.533547
1459800409.538145
1459800409.542641
1459800409.546880
1459800409.551249
1459800409.555645
1459800409.560237
1459800409.564706
1459800409.569104
1459800409.573318
1459800409.578012
1459800409.582252
1459800409.586574
1459800409.590930
1459800409.595240
1459800409.599571
1459800409.604077
1459800409.608567
1459800409.612860
1459800409.617560
1459800409.622045
1459800409.626386
1459800409.630776
1459800409.635184
1459800409.639527
1459800409.643813
1459800409.648266
1459800409.652616
1459800409.657219
1459800409.661475
1459800409.665936
1459800409.670385
1459800409.675027
1459800409.679460
1459800409.684068
1459800409.688704
1459800409.693204
1459800409.697811
1459800409.702282
1459800409.706740
1459800409.711126
1459800409.715505
1459800409.719940
1459800409.724390
1459800409.728831
1459800409.733313
1459800409.737761
1459800409.742175
1459800409.746662
1459800409.751144
1459800409.755829
1459800409.760276
1459800409.764574
1459800409.768929
1459800409.773363
1459800409.777922
1459800409.782334
1459800409.786954
1459800409.791494
1459800409.795749
1459800409.800158
1459800409.804583
1459800409.809073
1459800409.813492
1459800409.817887
1459800409.822214
1459800409.826584
1459800409.831226
1459800409.835451
1459800409.839941
1459800409.844431
1459800409.848873
1459800409.853384
1459800409.857793
1459800409.862330
1459800409.866775
1459800409.871102
1459800409.875595
1459800409.880042
1459800409.884617
1459800409.888937
1459800409.893320
1459800409.897644
1459800409.902099
1459800409.906573
1459800409.911197
1459800409.915475
1459800409.919863
1459800409.924176
1459800409.928676
1459800409.933299
1459800409.937843
1459800409.942151
1459800409.946658
1459800409.951169
1459800409.955440
1459800409.959856
1459800409.964224
1459800409.968526
1459800409.972840
1459800409.977272
1459800409.981512
1459800409.985670
1459800409.990031
1459800409.994310
1459800409.998607
1459800410.002978
1459800410.007717
1459800410.012062
1459800410.016514
1459800410.020904
1459800410.025161
1459800410.029682
1459800410.034268
1459800410.038645
1459800410.043053
1459800410.047466
1459800410.051902
1459800410.056392
1459800410.060714
1459800410.065045
1459800410.069465
1459800410.073874
1459800410.078195
1459800410.082304
1459800410.086609
1459800410.090966
1459800410.095295
1459800410.099563
1459800410.104051
1459800410.108460
1459800410.112999
1459800410.117534
1459800410.122018
1459800410.126397
1459800410.131043
1459800410.135588
1459800410.140074
1459800410.144460
1459800410.148826
1459800410.153281
1459800410.157971
1459800410.162424
1459800410.166741
1459800410.171192
1459800410.175611
1459800410.179930
1459800410.184411
1459800410.188955
1459800410.193384
1459800410.197847
1459800410.202228
1459800410.206627
1459800410.211068
1459800410.215415
1459800410.219696
1459800410.224184
1459800410.228608
1459800410.233079
1459800410.237579
1459800410.242125
1459800410.246518
1459800410.250823
1459800410.255569
1459800410.259967
1459800410.264423
1459800410.268727
1459800410.272960
1459800410.277300
1459800410.282119
1459800410.286507
1459800410.290901
1459800410.295183
1459800410.299567
1459800410.304067
1459800410.308515
1459800410.312858
1459800410.317305
1459800410.321649
1459800410.325976
1459800410.330631
1459800410.335091
1459800410.339576
1459800410.343939
1459800410.348286
1459800410.352645
1459800410.357094
1459800410.361685
1459800410.366212
1459800410.370685
1459800410.375140
1459800410.379525
1459800410.393551
1459800410.398060
1459800410.402479
1459800410.406918
1459800410.411188
1459800410.415571
1459800410.420098
1459800410.424550
1459800410.428907
1459800410.433368
1459800410.437997
1459800410.442286
1459800410.446625
1459800410.451355
1459800410.455846
1459800410.460363
1459800410.464718
1459800410.469126
1459800410.473577
1459800410.478078
1459800410.482448
1459800410.487055
1459800410.491409
1459800410.495848
1459800410.500300
1459800410.504996
1459800410.509383
1459800410.513791
1459800410.518229
1459800410.522614
1459800410.526913
1459800410.531390
1459800410.535758
1459800410.540347
1459800410.544818
1459800410.549354
1459800410.553857
1459800410.558336
1459800410.562615
1459800410.566993
1459800410.571442
1459800410.575784
1459800410.580274
1459800410.584750
1459800410.589439
1459800410.593718
1459800410.598126
1459800410.602638
1459800410.607004
1459800410.611328
1459800410.615775
1459800410.620269
1459800410.624925
1459800410.629218
1459800410.633688
1459800410.638149
1459800410.642590
1459800410.647077
1459800410.651571
1459800410.655858
1459800410.660365
1459800410.664848
1459800410.669418
1459800410.673850
1459800410.678407
1459800410.682744
1459800410.687239
1459800410.691436
1459800410.695808
1459800410.700149
1459800410.704725
1459800410.709021
1459800410.713550
1459800410.718037
1459800410.722755
1459800410.727126
1459800410.731842
1459800410.736176
1459800410.740556
1459800410.744848
1459800410.749259
1459800410.753748
1459800410.758146
1459800410.762494
1459800410.766813
1459800410.771233
1459800410.775857
1459800410.780447
1459800410.784894
1459800410.789377
1459800410.793896
1459800410.798431
1459800410.803066
1459800410.807555
1459800410.812026
1459800410.816547
1459800410.821041
1459800410.825595
1459800410.830095
1459800410.834680
1459800410.839156
1459800410.843613
1459800410.848082
1459800410.852540
1459800410.857099
1459800410.861516
1459800410.865893
1459800410.870521
1459800410.874921
1459800410.879303
1459800410.883683
1459800410.888087
1459800410.892544
1459800410.896997
1459800410.901385
1459800410.905883
1459800410.910272
1459800410.914687
1459800410.919109
1459800410.923457
1459800410.928027
1459800410.932474
1459800410.936900
1459800410.941281
1459800410.945776
1459800410.950243
1459800410.954722
1459800410.959066
1459800410.963446
1459800410.967958
1459800410.972425
1459800410.976770
1459800410.981293
1459800410.985706
1459800410.990163
1459800410.994792
1459800410.999199
1459800411.003636
1459800411.008085
1459800411.012573
1459800411.016847
1459800411.021359
1459800411.025892
1459800411.030320
1459800411.034715
1459800411.039023
1459800411.043295
1459800411.047684
1459800411.052129
1459800411.056614
1459800411.061028
1459800411.065348
1459800411.069687
1459800411.074175
1459800411.078523
1459800411.083214
1459800411.087463
1459800411.091940
1459800411.096445
1459800411.100954
1459800411.105509
1459800411.110090
1459800411.114390
1459800411.118843
1459800411.130322
1459800411.134745
1459800411.139193
1459800411.143584
1459800411.148183
1459800411.152615
1459800411.156886
1459800411.161356
1459800411.165587
1459800411.169965
1459800411.174331
1459800411.188417
1459800411.192928
1459800411.197608
1459800411.202068
1459800411.206460
1459800411.211075
1459800411.215475
1459800411.219905
1459800411.224349
1459800411.228584
1459800411.232905
1459800411.237141
1459800411.241360
1459800411.245826
1459800411.250300
1459800411.254900
1459800411.259330
1459800411.263940
1459800411.268299
1459800411.272673
1459800411.277046
1459800411.281506
1459800411.286412
1459800411.290974
1459800411.295267
1459800411.299695
1459800411.304125
1459800411.308716
1459800411.313394
1459800411.317979
1459800411.322387
1459800411.326953
1459800411.331228
1459800411.335675
1459800411.340168
1459800411.344542
1459800411.349001
1459800411.353569
1459800411.358226
1459800411.362655
1459800411.367195
1459800411.371548
1459800411.376105
1459800411.380735
1459800411.385122
1459800411.389440
1459800411.393901
1459800411.398407
1459800411.402810
1459800411.407512
1459800411.412062
1459800411.416505
1459800411.420922
1459800411.425359
1459800411.429819
1459800411.434228
1459800411.438706
1459800411.443075
1459800411.447535
1459800411.452013
1459800411.456456
1459800411.460929
1459800411.465306
1459800411.469528
1459800411.474156
1459800411.478779
1459800411.483073
1459800411.487304
1459800411.491642
1459800411.495857
1459800411.500192
1459800411.505155
1459800411.509647
1459800411.514009
1459800411.518434
1459800411.522759
1459800411.527265
1459800411.531603
1459800411.536000
1459800411.540357
1459800411.544788
1459800411.549498
1459800411.553935
1459800411.558598
1459800411.563044
1459800411.567443
1459800411.571992
1459800411.576333
1459800411.580652
1459800411.585208
1459800411.589527
1459800411.593907
1459800411.598374
1459800411.602955
1459800411.607419
1459800411.611954
1459800411.616326
1459800411.620745
1459800411.625220
1459800411.629724
1459800411.634292
1459800411.638639
1459800411.643003
1459800411.647462
1459800411.651988
1459800411.656343
1459800411.660939
1459800411.665242
1459800411.669840
1459800411.674299
1459800411.678606
1459800411.682958
1459800411.687335
1459800411.691711
1459800411.696229
1459800411.700696
1459800411.705138
1459800411.709692
1459800411.714138
1459800411.718660
1459800411.723038
1459800411.727418
1459800411.732196
1459800411.736640
1459800411.741114
1459800411.745770
1459800411.750101
1459800411.754862
1459800411.759173
1459800411.763538
1459800411.767820
1459800411.772141
1459800411.776505
1459800411.791018
1459800411.795495
1459800411.799934
1459800411.804325
1459800411.808802
1459800411.813141
1459800411.817729
1459800411.822178
1459800411.826609
1459800411.831141
1459800411.835606
1459800411.840089
1459800411.844515
1459800411.849065
1459800411.853778
1459800411.858143
1459800411.862655
1459800411.867233
1459800411.871603
1459800411.875984
1459800411.880431
1459800411.885129
1459800411.889492
1459800411.894198
1459800411.898553
1459800411.903098
1459800411.907744
1459800411.912219
1459800411.916765
1459800411.921201
1459800411.925794
1459800411.930274
1459800411.934956
1459800411.939405
1459800411.943811
1459800411.948158
1459800411.952541
1459800411.956859
1459800411.961369
1459800411.965869
1459800411.970446
1459800411.974999
1459800411.979294
1459800411.983724
1459800411.988259
1459800411.992615
1459800411.997263
1459800412.001956
1459800412.006826
1459800412.011375
1459800412.015800
1459800412.020440
1459800412.024754
1459800412.029258
1459800412.033785
1459800412.038481
1459800412.042946
1459800412.047403
1459800412.051720
1459800412.056126
1459800412.060604
1459800412.065156
1459800412.069680
1459800412.074152
1459800412.078470
1459800412.082945
1459800412.087443
1459800412.092100
1459800412.096572
1459800412.101070
1459800412.105524
1459800412.110140
1459800412.114602
1459800412.119200
1459800412.123850
1459800412.137685
1459800412.141994
1459800412.146474
1459800412.151119
1459800412.155662
1459800412.160018
1459800412.164521
1459800412.168917
1459800412.173497
1459800412.178157
1459800412.182521
1459800412.187107
1459800412.191755
1459800412.196177
1459800412.200677
1459800412.205141
1459800412.209582
1459800412.214057
1459800412.218596
1459800412.223194
1459800412.227624
1459800412.232106
1459800412.236672
1459800412.241059
1459800412.245497
1459800412.250035
1459800412.255182
1459800412.259653
1459800412.264109
1459800412.268571
1459800412.272829
1459800412.277443
1459800412.282001
1459800412.286284
1459800412.290552
1459800412.295031
1459800412.299363
1459800412.304008
1459800412.308306
1459800412.312904
1459800412.317365
1459800412.321724
1459800412.326284
1459800412.330602
1459800412.334989
1459800412.339532
1459800412.344014
1459800412.358462
1459800412.363079
1459800412.367568
1459800412.372021
1459800412.376313
1459800412.380931
1459800412.385551
1459800412.390111
1459800412.394415
1459800412.399103
1459800412.403842
1459800412.408293
1459800412.412917
1459800412.417374
1459800412.421960
1459800412.426473
1459800412.431234
1459800412.435748
1459800412.440198
1459800412.444715
1459800412.449307
1459800412.453677
1459800412.458177
1459800412.462838
1459800412.467353
1459800412.471894
1459800412.476373
1459800412.480878
1459800412.485314
1459800412.489767
1459800412.494179
1459800412.498664
1459800412.503100
1459800412.507628
1459800412.512233
1459800412.516745
1459800412.521359
1459800412.525750
1459800412.530530
1459800412.535035
1459800412.539520
1459800412.543915
1459800412.548245
1459800412.552701
1459800412.557340
1459800412.561876
1459800412.566397
1459800412.571006
1459800412.575372
1459800412.579763
1459800412.584242
1459800412.588799
1459800412.593383
1459800412.597997
1459800412.602491
1459800412.607067
1459800412.611662
1459800412.616212
1459800412.620873
1459800412.625445
1459800412.630020
1459800412.634442
1459800412.638881
1459800412.643500
1459800412.648172
1459800412.652591
1459800412.656959
1459800412.661390
1459800412.665943
1459800412.670225
1459800412.674865
1459800412.679346
1459800412.683882
1459800412.688327
1459800412.693095
1459800412.697547
1459800412.701970
1459800412.706415
1459800412.711079
1459800412.715468
1459800412.720010
1459800412.724419
1459800412.728780
1459800412.733275
1459800412.737795
1459800412.742327
1459800412.746828
1459800412.751454
1459800412.756045
1459800412.760417
1459800412.764921
1459800412.769562
1459800412.774056
1459800412.778468
1459800412.783059
1459800412.788492
1459800412.793141
1459800412.797782
1459800412.802482
1459800412.806845
1459800412.811426
1459800412.815964
1459800412.820471
1459800412.825012
1459800412.829362
1459800412.833828
1459800412.838144
1459800412.842760
1459800412.847256
1459800412.851819
1459800412.856337
1459800412.860817
1459800412.865229
1459800412.869808
1459800412.874323
1459800412.878877
1459800412.883303
1459800412.887801
1459800412.892269
1459800412.896745
1459800412.901297
1459800412.905714
1459800412.910357
1459800412.914801
1459800412.919534
1459800412.924102
1459800412.928745
1459800412.933327
1459800412.937916
1459800412.942261
1459800412.946888
1459800412.951521
1459800412.955945
1459800412.960471
1459800412.964895
1459800412.969372
1459800412.973883
1459800412.978397
1459800412.982947
1459800412.987338
1459800412.991937
1459800412.996323
1459800413.000843
1459800413.005477
1459800413.010094
1459800413.014703
1459800413.019442
1459800413.024047
1459800413.028365
1459800413.035409
1459800413.040083
1459800413.044570
1459800413.049512
1459800413.054056
1459800413.058713
1459800413.063236
1459800413.067816
1459800413.072272
1459800413.076720
1459800413.081063
1459800413.085673
1459800413.090207
1459800413.094890
1459800413.099407
1459800413.103899
1459800413.108498
1459800413.112906
1459800413.117522
1459800413.121842
1459800413.126369
1459800413.130767
1459800413.135246
1459800413.139695
1459800413.144163
1459800413.148708
1459800413.152897
1459800413.157508
1459800413.161741
1459800413.166226
1459800413.170818
1459800413.175206
1459800413.179753
1459800413.184309
1459800413.188449
1459800413.192898
1459800413.197294
1459800413.201596
1459800413.206236
1459800413.210516
1459800413.215032
1459800413.219670
1459800413.224152
1459800413.229050
1459800413.233711
1459800413.238128
1459800413.242360
1459800413.246898
1459800413.251254
1459800413.256013
1459800413.260351
1459800413.264776
1459800413.269145
1459800413.273826
1459800413.278242
1459800413.282730
1459800413.287132
1459800413.291572
1459800413.296042
1459800413.300640
1459800413.305121
1459800413.309443
1459800413.313919
1459800413.318165
1459800413.322716
1459800413.327148
1459800413.331467
1459800413.335767
1459800413.340341
1459800413.344790
1459800413.349406
1459800413.353933
1459800413.358381
1459800413.362911
1459800413.367494
1459800413.371816
1459800413.376411
1459800413.380875
1459800413.385369
1459800413.389541
1459800413.393870
1459800413.398427
1459800413.402896
1459800413.407380
1459800413.412048
1459800413.416427
1459800413.421064
1459800413.425588
1459800413.430263
1459800413.434942
1459800413.439397
1459800413.443852
1459800413.448375
1459800413.452839
1459800413.457471
1459800413.461944
1459800413.466463
1459800413.471125
1459800413.475686
1459800413.480075
1459800413.484788
1459800413.489444
1459800413.494107
1459800413.498594
1459800413.503120
1459800413.507501
1459800413.511902
1459800413.516542
1459800413.521191
1459800413.525574
1459800413.530062
1459800413.534557
1459800413.539169
1459800413.543740
1459800413.548166
1459800413.552468
1459800413.557197
1459800413.561677
1459800413.566316
1459800413.570859
1459800413.575280
1459800413.579769
1459800413.584237
1459800413.588765
1459800413.593110
1459800413.597740
1459800413.602123
1459800413.606724
1459800413.611051
1459800413.615537
1459800413.619938
1459800413.624431
1459800413.628839
1459800413.633177
1459800413.637672
1459800413.642238
1459800413.646786
1459800413.651249
1459800413.655648
1459800413.660120
1459800413.664750
1459800413.669211
1459800413.673865
1459800413.678260
1459800413.682781
1459800413.687262
1459800413.691926
1459800413.696317
1459800413.700556
1459800413.705090
1459800413.709632
1459800413.714302
1459800413.718733
1459800413.723292
1459800413.727867
1459800413.732392
1459800413.736877
1459800413.741456
1459800413.745864
1459800413.750421
1459800413.755363
1459800413.759820
1459800413.764455
1459800413.769116
1459800413.773499
1459800413.777909
1459800413.782323
1459800413.786945
1459800413.791497
1459800413.796121
1459800413.800590
1459800413.805316
1459800413.809745
1459800413.814494
1459800413.818923
1459800413.823289
1459800413.827842
1459800413.832266
1459800413.836735
1459800413.841184
1459800413.845677
1459800413.850265
1459800413.854717
1459800413.859156
1459800413.863644
1459800413.868073
1459800413.872566
1459800413.877037
1459800413.881487
1459800413.886128
1459800413.890573
1459800413.895104
1459800413.899665
1459800413.904093
1459800413.908654
1459800413.913176
1459800413.917725
1459800413.922183
1459800413.926611
1459800413.930986
1459800413.935466
1459800413.939916
1459800413.944370
1459800413.948888
1459800413.953550
1459800413.957972
1459800413.962446
1459800413.966852
1459800413.971435
1459800413.975880
1459800413.980389
1459800413.985148
1459800413.989623
1459800413.994313
1459800413.998950
1459800414.003518
1459800414.008127
1459800414.012627
1459800414.017039
1459800414.021576
1459800414.026136
1459800414.030535
1459800414.034843
1459800414.039369
1459800414.043911
1459800414.048723
