1459800409.510304
1459800409.522961
1459800409.527766
1459800409.532365
1459800409.537005
1459800409.541493
1459800409.545759
1459800409.550101
1459800409.554505
1459800409.559087
1459800409.563560
1459800409.567936
1459800409.572157
1459800409.576839
1459800409.581114
1459800409.585423
1459800409.589793
1459800409.594112
1459800409.598426
1459800409.602941
1459800409.607415
1459800409.611723
1459800409.616379
1459800409.620868
1459800409.625254
1459800409.629643
1459800409.634042
1459800409.638378
1459800409.642686
1459800409.647081
1459800409.651481
1459800409.656064
1459800409.660316
1459800409.664761
1459800409.669254
1459800409.673875
1459800409.678314
1459800409.682918
1459800409.687557
1459800409.692023
1459800409.696625
1459800409.701150
1459800409.705583
1459800409.709996
1459800409.714367
1459800409.718781
1459800409.723237
1459800409.727694
1459800409.732143
1459800409.736596
1459800409.741041
1459800409.745550
1459800409.750016
1459800409.754691
1459800409.759163
1459800409.763444
1459800409.767818
1459800409.772200
1459800409.776756
1459800409.781220
1459800409.785835
1459800409.790359
1459800409.794610
1459800409.799028
1459800409.803439
1459800409.807904
1459800409.812336
1459800409.816745
1459800409.821091
1459800409.825470
1459800409.830098
1459800409.834323
1459800409.838807
1459800409.843310
1459800409.847753
1459800409.852235
1459800409.856629
1459800409.861206
1459800409.865654
1459800409.869977
1459800409.874463
1459800409.878922
1459800409.883490
1459800409.887796
1459800409.892140
1459800409.896478
1459800409.900938
1459800409.905443
1459800409.910054
1459800409.914328
1459800409.918725
1459800409.923040
1459800409.927544
1459800409.932132
1459800409.936673
1459800409.941036
1459800409.945528
1459800409.950030
1459800409.954300
1459800409.958713
1459800409.963100
1459800409.967383
1459800409.971696
1459800409.976101
1459800409.980358
1459800409.984505
1459800409.988868
1459800409.993181
1459800409.997483
1459800410.001838
1459800410.006543
1459800410.010920
1459800410.015396
1459800410.019765
1459800410.024004
1459800410.028510
1459800410.033128
1459800410.037500
1459800410.041922
1459800410.046349
1459800410.050758
1459800410.055247
1459800410.059569
1459800410.063870
1459800410.068275
1459800410.072722
1459800410.077051
1459800410.081177
1459800410.085465
1459800410.089822
1459800410.094172
1459800410.098437
1459800410.102918
1459800410.107333
1459800410.111829
1459800410.116347
1459800410.120868
1459800410.125256
1459800410.129899
1459800410.134441
1459800410.138936
1459800410.143298
1459800410.147694
1459800410.152093
1459800410.156796
1459800410.161290
1459800410.165606
1459800410.170062
1459800410.174476
1459800410.178801
1459800410.183258
1459800410.187803
1459800410.192194
1459800410.196694
1459800410.201094
1459800410.205500
1459800410.209921
1459800410.214270
1459800410.218546
1459800410.223040
1459800410.227474
1459800410.231919
1459800410.236400
1459800410.240953
1459800410.245386
1459800410.249688
1459800410.254415
1459800410.258795
1459800410.263282
1459800410.267593
1459800410.271827
1459800410.276113
1459800410.280951
1459800410.285369
1459800410.289747
1459800410.294032
1459800410.298432
1459800410.302924
1459800410.307380
1459800410.311709
1459800410.316116
1459800410.320467
1459800410.324803
1459800410.329471
1459800410.333931
1459800410.338413
1459800410.342782
1459800410.347131
1459800410.351486
1459800410.355895
1459800410.360515
1459800410.365055
1459800410.369551
1459800410.374001
1459800410.378374
1459800410.392381
1459800410.396901
1459800410.401353
1459800410.405785
1459800410.410048
1459800410.414408
1459800410.418948
1459800410.423396
1459800410.427771
1459800410.432192
1459800410.436825
1459800410.441148
1459800410.445482
1459800410.450219
1459800410.454712
1459800410.459198
1459800410.463566
1459800410.467943
1459800410.472399
1459800410.476914
1459800410.481312
1459800410.485918
1459800410.490261
1459800410.494709
1459800410.499159
1459800410.503809
1459800410.508197
1459800410.512611
1459800410.517096
1459800410.521469
1459800410.525773
1459800410.530246
1459800410.534620
1459800410.539212
1459800410.543685
1459800410.548194
1459800410.552688
1459800410.557209
1459800410.561473
1459800410.565848
1459800410.570285
1459800410.574630
1459800410.579137
1459800410.583612
1459800410.588248
1459800410.592538
1459800410.596983
1459800410.601492
1459800410.605856
1459800410.610193
1459800410.614621
1459800410.619111
1459800410.623786
1459800410.628033
1459800410.632520
1459800410.637004
1459800410.641452
1459800410.645910
1459800410.650411
1459800410.654727
1459800410.659232
1459800410.663687
1459800410.668244
1459800410.672682
1459800410.677262
1459800410.681598
1459800410.686082
1459800410.690287
1459800410.694649
1459800410.699017
1459800410.703580
1459800410.707837
1459800410.712375
1459800410.716857
1459800410.721609
1459800410.725975
1459800410.730687
1459800410.735012
1459800410.739402
1459800410.743716
1459800410.748099
1459800410.752557
1459800410.757000
1459800410.761362
1459800410.765671
1459800410.770071
1459800410.774692
1459800410.779301
1459800410.783753
1459800410.788202
1459800410.792714
1459800410.797292
1459800410.801909
1459800410.806397
1459800410.810871
1459800410.815393
1459800410.819857
1459800410.824426
1459800410.828929
1459800410.833539
1459800410.837995
1459800410.842465
1459800410.846938
1459800410.851387
1459800410.855907
1459800410.860342
1459800410.864733
1459800410.869380
1459800410.873777
1459800410.878146
1459800410.882541
1459800410.886932
1459800410.891400
1459800410.895829
1459800410.900192
1459800410.904717
1459800410.909125
1459800410.913528
1459800410.917944
1459800410.922284
1459800410.926886
1459800410.931330
1459800410.935756
1459800410.940088
1459800410.944601
1459800410.949081
1459800410.953576
1459800410.957917
1459800410.962303
1459800410.966826
1459800410.971257
1459800410.975611
1459800410.980094
1459800410.984513
1459800410.988999
1459800410.993645
1459800410.998059
1459800411.002495
1459800411.006892
1459800411.011427
1459800411.015693
1459800411.020168
1459800411.024703
1459800411.029175
1459800411.033562
1459800411.037880
1459800411.042152
1459800411.046544
1459800411.050938
1459800411.055465
1459800411.059832
1459800411.064152
1459800411.068487
1459800411.073022
1459800411.077377
1459800411.082047
1459800411.086299
1459800411.090796
1459800411.095275
1459800411.099796
1459800411.104331
1459800411.108902
1459800411.113241
1459800411.117679
1459800411.129160
1459800411.133583
1459800411.138044
1459800411.142389
1459800411.147015
1459800411.151410
1459800411.155723
1459800411.160164
1459800411.164394
1459800411.168747
1459800411.173161
1459800411.187257
1459800411.191778
1459800411.196387
1459800411.200888
1459800411.205247
1459800411.209912
1459800411.214288
1459800411.218736
1459800411.223175
1459800411.227433
1459800411.231740
1459800411.235961
1459800411.240163
1459800411.244619
1459800411.249147
1459800411.253745
1459800411.258170
1459800411.262782
1459800411.267126
1459800411.271512
1459800411.275842
1459800411.280312
1459800411.285254
1459800411.289820
1459800411.294068
1459800411.298529
1459800411.302959
1459800411.307543
1459800411.312215
1459800411.316803
1459800411.321244
1459800411.325796
1459800411.330080
1459800411.334516
1459800411.338991
1459800411.343392
1459800411.347805
1459800411.352380
1459800411.357054
1459800411.361503
1459800411.366026
1459800411.370372
1459800411.374947
1459800411.379573
1459800411.383939
1459800411.388243
1459800411.392712
1459800411.397232
1459800411.401660
1459800411.406362
1459800411.410892
1459800411.415325
1459800411.419746
1459800411.424152
1459800411.428612
1459800411.433049
1459800411.437508
1459800411.441926
1459800411.446382
1459800411.450837
1459800411.455288
1459800411.459758
1459800411.464084
1459800411.468324
1459800411.473000
1459800411.477612
1459800411.481905
1459800411.486146
1459800411.490461
1459800411.494702
1459800411.499022
1459800411.503951
1459800411.508462
1459800411.512838
1459800411.517274
1459800411.521609
1459800411.526092
1459800411.530427
1459800411.534857
1459800411.539201
1459800411.543616
1459800411.548293
1459800411.552749
1459800411.557423
1459800411.561891
1459800411.566266
1459800411.570831
1459800411.575173
1459800411.579497
1459800411.584015
1459800411.588324
1459800411.592705
1459800411.597211
1459800411.601787
1459800411.606266
1459800411.610797
1459800411.615149
1459800411.619567
1459800411.624037
1459800411.628534
1459800411.633125
1459800411.637481
1459800411.641830
1459800411.646283
1459800411.650815
1459800411.655189
1459800411.659757
1459800411.664035
1459800411.668660
1459800411.673144
1459800411.677418
1459800411.681786
1459800411.686177
1459800411.690555
1459800411.695073
1459800411.699502
1459800411.703960
1459800411.708432
1459800411.712951
1459800411.717487
1459800411.721861
1459800411.726250
1459800411.731022
1459800411.735467
1459800411.739927
1459800411.744581
1459800411.748919
1459800411.753697
1459800411.758007
1459800411.762364
1459800411.766643
1459800411.770982
1459800411.775345
1459800411.789856
1459800411.794318
1459800411.798777
1459800411.803165
1459800411.807644
1459800411.811943
1459800411.816539
1459800411.821003
1459800411.825448
1459800411.829976
1459800411.834443
1459800411.838930
1459800411.843341
1459800411.847856
1459800411.852587
1459800411.856955
1459800411.861500
1459800411.866059
1459800411.870441
1459800411.874794
1459800411.879273
1459800411.883916
1459800411.888299
1459800411.893019
1459800411.897400
1459800411.901916
1459800411.906572
1459800411.911053
1459800411.915579
1459800411.920014
1459800411.924584
1459800411.929078
1459800411.933791
1459800411.938211
1459800411.942628
1459800411.946970
1459800411.951353
1459800411.955670
1459800411.960153
1459800411.964653
1459800411.969278
1459800411.973819
1459800411.978118
1459800411.982549
1459800411.987066
1459800411.991426
1459800411.996063
1459800412.000730
1459800412.005642
1459800412.010205
1459800412.014627
1459800412.019254
1459800412.023563
1459800412.028043
1459800412.032564
1459800412.037305
1459800412.041769
1459800412.046231
1459800412.050545
1459800412.054944
1459800412.059433
1459800412.063951
1459800412.068460
1459800412.072953
1459800412.077266
1459800412.081768
1459800412.086253
1459800412.090928
1459800412.095384
1459800412.099849
1459800412.104282
1459800412.108945
1459800412.113422
1459800412.118034
1459800412.122678
1459800412.136473
1459800412.140783
1459800412.145308
1459800412.149946
1459800412.154489
1459800412.158840
1459800412.163348
1459800412.167738
1459800412.172292
1459800412.176982
1459800412.181325
1459800412.185914
1459800412.190572
1459800412.195001
1459800412.199491
1459800412.203921
1459800412.208342
1459800412.212862
1459800412.217420
1459800412.222018
1459800412.226432
1459800412.230925
1459800412.235489
1459800412.239861
1459800412.244274
1459800412.248835
1459800412.254018
1459800412.258483
1459800412.262929
1459800412.267384
1459800412.271638
1459800412.276249
1459800412.280790
1459800412.285097
1459800412.289381
1459800412.293842
1459800412.298177
1459800412.302813
1459800412.307099
1459800412.311733
1459800412.316140
1459800412.320512
1459800412.325087
1459800412.329427
1459800412.333813
1459800412.338339
1459800412.342827
1459800412.357256
1459800412.361919
1459800412.366394
1459800412.370830
1459800412.375117
1459800412.379744
1459800412.384325
1459800412.388915
1459800412.393243
1459800412.397933
1459800412.402666
1459800412.407113
1459800412.411724
1459800412.416151
1459800412.420745
1459800412.425291
1459800412.430069
1459800412.434579
1459800412.439024
1459800412.443536
1459800412.448100
1459800412.452455
1459800412.456999
1459800412.461649
1459800412.466154
1459800412.470699
1459800412.475201
1459800412.479689
1459800412.484046
1459800412.488524
1459800412.493005
1459800412.497470
1459800412.501899
1459800412.506442
1459800412.511040
1459800412.515553
1459800412.520127
1459800412.524526
1459800412.529333
1459800412.533847
1459800412.538337
1459800412.542718
1459800412.547061
1459800412.551499
1459800412.556109
1459800412.560655
1459800412.565207
1459800412.569807
1459800412.574173
1459800412.578593
1459800412.583041
1459800412.587610
1459800412.592157
1459800412.596786
1459800412.601292
1459800412.605873
1459800412.610457
1459800412.615015
1459800412.619681
1459800412.624211
1459800412.628790
1459800412.633261
1459800412.637700
1459800412.642290
1459800412.646973
1459800412.651394
1459800412.655760
1459800412.660152
1459800412.664739
1459800412.669023
1459800412.673690
1459800412.678162
1459800412.682708
1459800412.687155
1459800412.691867
1459800412.696320
1459800412.700760
1459800412.705208
1459800412.709867
1459800412.714275
1459800412.718826
1459800412.723245
1459800412.727594
1459800412.732070
1459800412.736579
1459800412.741124
1459800412.745651
1459800412.750251
1459800412.754839
1459800412.759231
1459800412.763741
1459800412.768350
1459800412.772848
1459800412.777276
1459800412.781859
1459800412.787287
1459800412.791870
1459800412.796520
1459800412.801293
1459800412.805661
1459800412.810219
1459800412.814760
1459800412.819266
1459800412.823748
1459800412.828131
1459800412.832597
1459800412.836922
1459800412.841579
1459800412.846069
1459800412.850636
1459800412.855145
1459800412.859626
1459800412.864000
1459800412.868581
1459800412.873136
1459800412.877689
1459800412.882105
1459800412.886603
1459800412.891085
1459800412.895561
1459800412.900098
1459800412.904508
1459800412.909175
1459800412.913592
1459800412.918332
1459800412.922925
1459800412.927558
1459800412.932103
1459800412.936658
1459800412.941052
1459800412.945708
1459800412.950316
1459800412.954749
1459800412.959284
1459800412.963701
1459800412.968162
1459800412.972655
1459800412.977213
1459800412.981739
1459800412.986149
1459800412.990736
1459800412.995115
1459800412.999642
1459800413.004251
1459800413.008875
1459800413.013505
1459800413.018238
1459800413.022838
1459800413.027188
1459800413.034196
1459800413.038882
1459800413.043340
1459800413.048275
1459800413.052822
1459800413.057504
1459800413.062051
1459800413.066619
1459800413.071080
1459800413.075537
1459800413.079844
1459800413.084434
1459800413.089012
1459800413.093708
1459800413.098208
1459800413.102687
1459800413.107312
1459800413.111716
1459800413.116285
1459800413.120608
1459800413.125175
1459800413.129578
1459800413.134048
1459800413.138504
1459800413.142966
1459800413.147511
1459800413.151713
1459800413.156276
1459800413.160515
1459800413.165022
1459800413.169631
1459800413.173983
1459800413.178570
1459800413.183110
1459800413.187241
1459800413.191690
1459800413.196049
1459800413.200361
1459800413.205038
1459800413.209324
1459800413.213813
1459800413.218459
1459800413.222930
1459800413.227808
1459800413.232487
1459800413.236900
1459800413.241154
1459800413.245692
1459800413.250066
1459800413.254823
1459800413.259161
1459800413.263589
1459800413.267934
1459800413.272596
1459800413.277052
1459800413.281540
1459800413.285924
1459800413.290391
1459800413.294846
1459800413.299427
1459800413.303892
1459800413.308196
1459800413.312650
1459800413.316925
1459800413.321507
1459800413.325931
1459800413.330278
1459800413.334554
1459800413.339130
1459800413.343587
1459800413.348166
1459800413.352692
1459800413.357184
1459800413.361709
1459800413.366316
1459800413.370618
1459800413.375218
1459800413.379667
1459800413.384149
1459800413.388310
1459800413.392643
1459800413.397215
1459800413.401691
1459800413.406165
1459800413.410860
1459800413.415236
1459800413.419837
1459800413.424355
1459800413.429053
1459800413.433751
1459800413.438222
1459800413.442648
1459800413.447180
1459800413.451636
1459800413.456224
1459800413.460665
1459800413.465273
1459800413.469907
1459800413.474488
1459800413.478870
1459800413.483589
1459800413.488194
1459800413.492877
1459800413.497397
1459800413.501927
1459800413.506300
1459800413.510704
1459800413.515318
1459800413.519938
1459800413.524340
1459800413.528818
1459800413.533355
1459800413.537920
1459800413.542542
1459800413.546954
1459800413.551259
1459800413.555985
1459800413.560441
1459800413.565105
1459800413.569654
1459800413.574066
1459800413.578545
1459800413.583040
1459800413.587562
1459800413.591880
1459800413.596516
1459800413.600900
1459800413.605506
1459800413.609829
1459800413.614317
1459800413.618732
1459800413.623214
1459800413.627639
1459800413.631946
1459800413.636436
1459800413.641020
1459800413.645581
1459800413.650041
1459800413.654450
1459800413.658920
1459800413.663551
1459800413.667975
1459800413.672636
1459800413.677044
1459800413.681564
1459800413.686061
1459800413.690707
1459800413.695096
1459800413.699359
1459800413.703836
1459800413.708397
1459800413.713085
1459800413.717535
1459800413.722086
1459800413.726676
1459800413.731183
1459800413.735659
1459800413.740207
1459800413.744625
1459800413.749197
1459800413.754168
1459800413.758595
1459800413.763237
1459800413.767880
1459800413.772268
1459800413.776667
1459800413.781128
1459800413.785734
1459800413.790298
1459800413.794913
1459800413.799366
1459800413.804075
1459800413.808469
1459800413.813285
1459800413.817707
1459800413.822061
1459800413.826618
1459800413.831054
1459800413.835509
1459800413.839925
1459800413.844414
1459800413.849039
1459800413.853510
1459800413.857935
1459800413.862426
1459800413.866852
1459800413.871339
1459800413.875796
1459800413.880237
1459800413.884881
1459800413.889378
1459800413.893901
1459800413.898452
1459800413.902884
1459800413.907457
1459800413.911920
1459800413.916492
1459800413.920949
1459800413.925405
1459800413.929778
1459800413.934232
1459800413.938663
1459800413.943142
1459800413.947658
1459800413.952286
1459800413.956729
1459800413.961238
1459800413.965636
1459800413.970213
1459800413.974667
1459800413.979162
1459800413.983882
1459800413.988375
1459800413.993083
1459800413.997737
1459800414.002294
1459800414.006921
1459800414.011417
1459800414.015769
1459800414.020318
1459800414.024901
1459800414.029341
1459800414.033648
1459800414.038173
1459800414.042723
1459800414.047513
